15
53
12
70
52
96
8
57
78
76
59
11
89
71
71
55
88
76
82
48
81
55
67
29
95
29
17
41
1
27
82
50
18
8
3
57
19
23
32
22
8
11
26
54
22
11
42
46
56
53
59
1
58
47
84
8
11
78
61
68
56
45
65
45
27
15
13
24
26
88
65
28
25
83
81
95
12
28
60
32
53
26
38
42
54
79
31
19
24
52
66
15
75
23
14
41
0
25
58
83
85
36
84
18
27
86
67
13
19
81
88
58
79
69
95
11
21
28
82
55
29
2
29
71
34
22
83
59
77
21
16
77
79
97
25
59
70
12
62
60
4
98
81
28
10
60
9
21
53
73
91
25
56
32
56
78
72
65
1
93
7
99
14
59
69
5
64
49
92
35
93
51
77
69
73
78
33
48
28
59
94
70
62
17
83
87
10
74
13
65
95
20
84
29
1
100
81
74
65
55
70
2
100
69
77
88
89
2
20
95
57
24
71
89
40
37
80
88
3
57
45
21
60
22
51
89
